0.916667 -0.208333 0 -0.208333 -0.4375 0 0 0 0 0.416667 -0.125 0 -0.125 -0.229167 0 0 0 0 0 0 0 0 0 0 0 0 0 
-0.208333 2.08333 0.25 -0.4375 -0.958333 -0.541667 0 0 0 -0.125 0.916667 0.0833333 -0.229167 -0.541667 -0.291667 0 0 0 0 0 0 0 0 0 0 0 0 
0 0.25 1.16667 0 -0.541667 -0.75 0 0 0 0 0.0833333 0.5 0 -0.291667 -0.416667 0 0 0 0 0 0 0 0 0 0 0 0 
-0.208333 -0.4375 0 1.83333 -0.416667 0 -0.208333 -0.4375 0 -0.125 -0.229167 0 0.833333 -0.25 0 -0.125 -0.229167 0 0 0 0 0 0 0 0 0 0 
-0.4375 -0.958333 -0.541667 -0.416667 4.16667 0.5 -0.4375 -0.958333 -0.541667 -0.229167 -0.541667 -0.291667 -0.25 1.83333 0.166667 -0.229167 -0.541667 -0.291667 0 0 0 0 0 0 0 0 0 
0 -0.541667 -0.75 0 0.5 2.33333 0 -0.541667 -0.75 0 -0.291667 -0.416667 0 0.166667 1 0 -0.291667 -0.416667 0 0 0 0 0 0 0 0 0 
0 0 0 -0.208333 -0.4375 0 0.916667 -0.208333 0 0 0 0 -0.125 -0.229167 0 0.416667 -0.125 0 0 0 0 0 0 0 0 0 0 
0 0 0 -0.4375 -0.958333 -0.541667 -0.208333 2.08333 0.25 0 0 0 -0.229167 -0.541667 -0.291667 -0.125 0.916667 0.0833333 0 0 0 0 0 0 0 0 0 
0 0 0 0 -0.541667 -0.75 0 0.25 1.16667 0 0 0 0 -0.291667 -0.416667 0 0.0833333 0.5 0 0 0 0 0 0 0 0 0 
0.416667 -0.125 0 -0.125 -0.229167 0 0 0 0 1.62037 -0.356481 0 -0.356481 -0.761574 0 0 0 0 0 0 0 0 0 0 0 0 0 
-0.125 0.916667 0.0833333 -0.229167 -0.541667 -0.291667 0 0 0 -0.356481 3.69444 0.453704 -0.761574 -1.65278 -0.939815 0 0 0 0 0 0 0 0 0 0 0 0 
0 0.0833333 0.5 0 -0.291667 -0.416667 0 0 0 0 0.453704 2.07407 0 -0.939815 -1.2963 0 0 0 0 0 0 0 0 0 0 0 0 
-0.125 -0.229167 0 0.833333 -0.25 0 -0.125 -0.229167 0 -0.356481 -0.761574 0 3.24074 -0.712963 0 -0.356481 -0.761574 0 0 0 0 0 0 0 0 0 0 
-0.229167 -0.541667 -0.291667 -0.25 1.83333 0.166667 -0.229167 -0.541667 -0.291667 -0.761574 -1.65278 -0.939815 -0.712963 7.38889 0.907407 -0.761574 -1.65278 -0.939815 0 0 0 0 0 0 0 0 0 
0 -0.291667 -0.416667 0 0.166667 1 0 -0.291667 -0.416667 0 -0.939815 -1.2963 0 0.907407 4.14815 0 -0.939815 -1.2963 0 0 0 0 0 0 0 0 0 
0 0 0 -0.125 -0.229167 0 0.416667 -0.125 0 0 0 0 -0.356481 -0.761574 0 1.62037 -0.356481 0 0 0 0 0 0 0 0 0 0 
0 0 0 -0.229167 -0.541667 -0.291667 -0.125 0.916667 0.0833333 0 0 0 -0.761574 -1.65278 -0.939815 -0.356481 3.69444 0.453704 0 0 0 0 0 0 0 0 0 
0 0 0 0 -0.291667 -0.416667 0 0.0833333 0.5 0 0 0 0 -0.939815 -1.2963 0 0.453704 2.07407 0 0 0 0 0 0 0 0 0 
0 0 0 0 0 0 0 0 0 0 0 0 0 0 0 0 0 0 1 0 0 0 0 0 0 0 0 
0 0 0 0 0 0 0 0 0 0 0 0 0 0 0 0 0 0 0 1 0 0 0 0 0 0 0 
0 0 0 0 0 0 0 0 0 0 0 0 0 0 0 0 0 0 0 0 1 0 0 0 0 0 0 
0 0 0 0 0 0 0 0 0 0 0 0 0 0 0 0 0 0 0 0 0 1 0 0 0 0 0 
0 0 0 0 0 0 0 0 0 0 0 0 0 0 0 0 0 0 0 0 0 0 1 0 0 0 0 
0 0 0 0 0 0 0 0 0 0 0 0 0 0 0 0 0 0 0 0 0 0 0 1 0 0 0 
0 0 0 0 0 0 0 0 0 0 0 0 0 0 0 0 0 0 0 0 0 0 0 0 1 0 0 
0 0 0 0 0 0 0 0 0 0 0 0 0 0 0 0 0 0 0 0 0 0 0 0 0 1 0 
0 0 0 0 0 0 0 0 0 0 0 0 0 0 0 0 0 0 0 0 0 0 0 0 0 0 1 
